DENV1	DENV2	HSV1	EBOLA	HRV	HIV	RSV	STAPH	IAV	HCMV
NM_000064	6	25	174	95	84	17	27	90	43	705
NM_000074	96	26	279	115	886	21	28	102	44	231
NM_000089	97	27	280	116	137	22	29	138	45	831
NM_000090	98	28	281	117	890	23	30	139	46	890
NM_000095	99	29	35	118	4	24	31	140	47	808
NM_000104	100	30	887	119	7	25	32	141	48	754
NM_000129	101	31	282	895	233	26	33	142	49	168
NM_000138	102	32	283	120	234	27	34	143	50	797
NM_000165	103	33	780	121	235	28	35	144	51	835
NM_000196	104	34	284	122	739	29	36	145	52	132
NM_000237	105	35	285	123	832	30	37	146	895	37
NM_000256	106	36	9	124	61	31	38	857	53	232
NM_000266	107	37	37	125	866	32	39	147	54	233
NM_000350	108	38	286	126	236	33	40	148	55	800
NM_000358	109	39	741	127	211	34	41	149	30	812
NM_000362	110	40	781	128	237	35	42	150	56	860
NM_000370	111	41	287	129	768	36	43	151	57	73
NM_000384	112	42	288	130	238	37	44	27	58	673
NM_000393	113	43	289	131	239	38	45	152	59	741
NM_000422	9	44	290	132	240	39	17	137	60	760
NM_000428	114	45	291	133	717	40	46	153	61	792
NM_000429	115	46	813	134	241	41	47	28	62	154
NM_000518	116	47	292	135	894	42	48	154	63	234
NM_000538	117	48	868	136	242	43	49	155	64	224
NM_000558	118	49	6	137	822	44	50	156	65	143
NM_000575	18	50	293	42	878	45	51	157	66	677
NM_000593	67	51	756	78	243	46	52	158	21	217
NM_000599	119	52	844	138	738	47	53	159	67	896
NM_000602	89	53	251	89	244	48	54	160	14	775
NM_000623	120	54	294	139	245	49	55	161	68	886
NM_000633	121	55	885	140	246	50	56	162	69	235
NM_000667	122	56	295	141	804	51	57	163	70	236
NM_000681	123	57	296	142	220	52	58	164	71	743
NM_000689	124	58	297	101	247	53	59	165	72	893
NM_000702	125	59	221	143	812	54	60	166	73	798
NM_000704	10	60	274	144	753	55	61	167	74	237
NM_000710	126	61	298	145	248	56	62	168	75	796
NM_000820	127	62	299	146	249	57	63	169	76	813
NM_000864	128	63	765	147	14	58	64	170	77	33
NM_000961	129	64	300	148	130	59	65	171	78	891
NM_000963	57	65	301	149	250	60	66	172	79	699
NM_001001396	130	66	302	150	232	61	67	173	80	763
NM_001001437	54	67	303	35	743	9	68	174	81	157
NM_001001557	131	68	304	151	251	62	69	175	82	780
NM_001002762	132	69	305	152	872	63	70	176	83	238
NM_001005473	894	70	306	153	252	64	71	177	84	173
NM_001006622	133	71	858	154	150	65	72	178	85	239
NM_001007090	134	72	835	155	852	66	73	179	86	240
NM_001007538	135	73	826	156	253	10	74	180	87	110
NM_001007563	881	74	307	157	117	67	75	181	88	28
NM_001010844	136	75	840	158	254	68	76	182	89	241
NM_001010917	137	76	308	159	779	69	77	183	90	95
NM_001013257	893	77	309	160	797	70	78	184	91	242
NM_001013693	138	78	310	161	255	71	79	185	92	868
NM_001014448	139	79	311	162	256	72	80	186	93	846
NM_001024210	140	80	851	163	257	73	81	187	94	243
NM_001024401	141	81	775	108	258	74	82	188	95	76
NM_001025357	142	82	824	164	259	75	83	189	96	765
NM_001029858	143	83	751	165	260	76	84	190	97	113
NM_001030001	144	84	312	166	758	77	85	191	98	730
NM_001039771	145	85	313	111	212	78	86	192	99	758
NM_001039792	146	86	314	167	857	79	87	193	100	747
NM_001048249	147	87	881	168	261	80	88	194	101	244
NM_001049	148	88	315	169	125	81	89	195	102	748
NM_001080467	149	89	793	170	262	82	90	196	103	5
NM_001080482	150	90	31	171	263	83	91	197	104	698
NM_001080497	891	91	316	172	264	84	92	198	105	245
NM_001085	151	92	317	173	265	85	93	115	106	817
NM_001098577	152	93	809	174	62	86	94	199	107	768
NM_001098621	153	94	821	175	266	87	95	200	108	140
NM_001100400	154	95	822	176	267	88	96	201	109	160
NM_001100829	155	96	836	177	268	89	97	202	110	178
NM_001124	156	97	32	68	223	90	98	203	111	671
NM_001128933	157	98	318	178	269	91	99	204	112	880
NM_001130022	158	99	319	179	824	92	100	205	113	172
NM_001130677	159	100	762	106	108	93	101	206	114	144
NM_001130913	160	101	839	180	270	94	102	207	115	197
NM_001134848	161	102	860	891	786	95	103	208	116	246
NM_001135032	162	103	189	181	805	96	104	209	117	247
NM_001136262	163	104	895	182	271	97	105	210	118	248
NM_001142571	164	105	320	183	35	98	106	211	119	757
NM_001144950	165	106	321	184	272	99	107	212	120	864
NM_001144994	884	107	749	185	273	100	108	213	121	112
NM_001145064	892	108	322	879	274	101	109	214	122	249
NM_001145080	166	109	323	186	275	102	110	873	123	7
NM_001145155	167	110	324	187	114	103	111	215	124	821
NM_001145205	168	111	325	188	883	104	112	216	125	188
NM_001145639	169	112	326	189	276	105	113	217	126	752
NM_001164390	170	113	327	29	277	106	114	870	127	250
NM_001164436	171	114	328	190	810	107	115	218	128	251
NM_001168388	172	115	262	191	278	108	116	219	129	854
NM_001168389	173	116	329	192	279	109	117	220	130	811
NM_001172	174	117	734	193	216	110	118	221	131	45
NM_001172896	175	118	330	194	280	111	119	222	132	806
NM_001176	176	119	331	195	281	112	120	223	891	79
NM_001177	177	120	859	196	226	113	121	224	133	252
NM_001190470	178	121	244	197	818	114	122	61	134	253
NM_001190472	179	122	276	198	725	115	123	64	135	254
NM_001190702	180	123	238	199	851	116	124	41	136	255
NM_001190708	181	124	271	200	775	117	125	8	137	256
NM_001202439	182	125	746	201	282	118	126	225	138	91
NM_001205272	183	126	332	202	877	119	127	226	139	257
NM_001206602	184	127	818	203	283	120	128	227	140	731
NM_001207052	185	128	111	204	284	121	129	228	890	258
NM_001220778	186	129	142	205	165	122	130	229	141	680
NM_001242374	187	130	843	206	285	123	131	230	142	259
NM_001242589	188	131	333	207	874	124	132	231	143	260
NM_001243775	189	132	334	208	286	125	133	232	144	801
NM_001243877	190	133	823	209	50	126	134	233	145	261
NM_001252273	191	134	190	210	106	127	135	234	146	688
NM_001256443	192	135	255	211	287	128	136	235	147	745
NM_001256477	193	136	335	20	836	129	137	236	148	262
NM_001256799	194	137	273	212	823	130	138	237	149	766
NM_001258400	195	138	862	213	728	131	139	238	150	665
NM_001271893	196	139	800	214	288	132	140	239	151	837
NM_001286265	197	140	336	215	841	133	141	240	152	263
NM_001288609	198	141	136	216	780	134	142	241	153	264
NM_001294306	199	142	767	217	289	135	143	242	154	9
NM_001300897	200	143	878	218	290	136	144	243	155	265
NM_001301782	201	144	337	219	209	137	145	244	156	733
NM_001302644	202	145	338	220	819	138	146	245	157	266
NM_001304438	203	146	791	221	291	139	147	246	158	40
NM_001304793	204	147	891	222	292	140	148	247	159	267
NM_001308043	205	148	788	37	184	141	149	248	160	683
NM_001311	206	149	208	223	748	142	150	249	161	149
NM_001311160	207	150	339	224	293	143	151	250	162	738
NM_001317406	208	894	786	225	294	144	152	251	163	59
NM_001318371	209	151	340	226	873	145	153	252	164	211
NM_001318374	210	152	883	227	295	146	154	253	165	268
NM_001318539	211	153	805	228	296	147	155	254	166	764
NM_001318909	212	154	201	229	729	148	156	255	167	269
NM_001319052	213	155	341	230	297	149	157	256	168	820
NM_001319225	214	156	241	231	298	150	158	257	169	778
NM_001321367	215	157	342	232	731	151	159	258	170	773
NM_001322816	12	158	343	56	203	152	160	14	171	715
NM_001322820	216	159	344	233	893	153	161	259	172	270
NM_001324462	217	160	345	234	134	154	162	108	173	834
NM_001330183	66	16	346	235	299	155	163	260	174	718
NM_001347829	218	161	347	236	300	156	164	261	175	799
NM_001348255	219	162	882	237	120	157	165	262	176	271
NM_001349853	220	163	846	238	752	158	166	263	177	272
NM_001350490	221	164	217	239	210	159	167	264	178	838
NM_001353388	222	165	348	240	892	160	168	265	179	273
NM_001355256	223	166	831	241	301	161	169	266	180	274
NM_001362	224	167	17	242	302	162	170	267	181	847
NM_001408	888	168	735	243	303	163	171	268	182	219
NM_001430	225	169	349	244	304	164	172	269	183	734
NM_001432	8	170	222	73	305	165	173	270	184	693
NM_001448	226	171	841	245	306	166	174	271	185	189
NM_001496	227	172	350	246	843	167	175	272	186	64
NM_001552	228	173	351	247	307	168	176	273	187	855
NM_001554	229	174	266	91	308	169	177	274	188	803
NM_001565	21	175	768	2	1	4	178	275	13	275
NM_001647	230	176	352	248	309	19	179	276	189	779
NM_001848	231	177	353	249	310	20	180	277	190	840
NM_001856	232	178	354	250	311	170	181	278	191	782
NM_001873	233	179	842	251	312	171	182	279	192	276
NM_001879	234	180	355	252	313	172	183	280	193	853
NM_001898	235	181	356	253	876	173	184	281	194	277
NM_001901	236	182	357	254	759	174	185	282	195	824
NM_001920	237	183	358	255	314	175	186	283	196	869
NM_001945	238	184	220	87	741	176	18	284	197	130
NM_001958	239	185	359	256	765	177	187	285	198	75
NM_001964	2	186	148	257	315	8	19	111	199	845
NM_001999	240	187	360	258	316	178	188	883	200	849
NM_002009	241	188	361	259	317	179	189	860	201	850
NM_002014	242	189	733	260	318	180	190	286	202	158
NM_002016	243	190	877	261	76	181	191	287	203	690
NM_002048	244	191	872	262	319	182	192	288	204	814
NM_002053	245	192	362	10	320	183	193	289	9	707
NM_002064	246	193	363	263	140	184	194	290	205	791
NM_002090	4	194	364	264	719	185	195	17	206	278
NM_002097	247	195	865	265	321	186	196	291	207	279
NM_002121	248	196	849	266	322	187	197	292	208	280
NM_002160	249	197	365	267	323	188	198	293	209	790
NM_002178	82	198	366	268	324	189	26	294	210	711
NM_002207	250	199	367	892	325	190	199	295	211	65
NM_002228	5	200	368	114	326	191	200	98	212	805
NM_002229	63	201	16	269	327	192	201	296	42	784
NM_002272	896	202	369	270	328	193	202	297	213	281
NM_002276	251	203	370	271	329	194	203	298	214	832
NM_002279	252	204	371	272	330	195	204	299	215	881
NM_002293	253	205	761	273	331	15	205	300	216	761
NM_002317	254	206	372	274	332	196	206	301	217	872
NM_002318	255	207	373	275	787	197	207	302	218	826
NM_002345	256	208	772	276	333	198	208	303	219	863
NM_002353	257	209	374	876	334	199	209	304	220	174
NM_002354	258	210	816	277	335	200	210	305	221	4
NM_002356	259	211	375	278	336	5	211	306	222	708
NM_002373	260	895	790	279	337	201	212	307	223	755
NM_002421	261	212	376	280	338	202	213	308	224	819
NM_002428	262	213	827	880	339	203	214	309	225	166
NM_002471	263	214	90	281	848	204	215	310	226	282
NM_002507	86	215	203	282	730	205	216	134	227	20
NM_002534	264	216	377	49	714	206	217	311	5	283
NM_002546	265	217	378	283	340	207	218	56	228	887
NM_002563	266	218	854	284	341	208	219	312	229	48
NM_002668	267	219	848	285	342	209	220	313	230	284
NM_002699	268	220	53	286	788	210	221	314	231	69
NM_002775	269	221	750	287	343	211	222	315	232	771
NM_002852	31	222	379	288	815	212	223	95	233	883
NM_002893	270	223	875	289	344	213	224	316	234	285
NM_002982	58	224	380	31	136	11	225	83	235	839
NM_002990	271	225	381	290	888	16	226	101	236	286
NM_003013	272	226	382	291	345	214	227	317	237	857
NM_003014	882	227	383	292	346	215	228	318	238	884
NM_003054	273	228	384	293	849	216	229	886	239	74
NM_003129	274	229	869	294	347	217	230	319	240	287
NM_003246	275	230	385	295	716	218	231	320	241	882
NM_003247	276	231	766	296	348	219	232	321	242	875
NM_003392	277	232	825	297	94	220	233	104	243	828
NM_003407	17	233	1	298	349	221	234	122	37	767
NM_003508	278	234	796	299	67	222	235	322	244	67
NM_003619	279	235	386	300	350	223	236	323	245	843
NM_003641	280	236	387	6	215	224	237	324	2	689
NM_003679	281	237	855	301	351	225	238	325	246	719
NM_003692	282	238	752	302	352	226	239	129	247	3
NM_003783	283	239	388	303	353	227	240	326	248	871
NM_003864	284	240	857	304	354	228	241	327	249	214
NM_003897	53	241	62	305	355	12	242	92	250	672
NM_003955	13	242	259	306	356	229	243	328	20	686
NM_003956	15	243	389	307	19	230	244	329	251	751
NM_004120	68	244	390	308	202	231	245	330	25	706
NM_004179	285	245	206	309	820	232	246	331	252	203
NM_004335	48	246	804	112	205	233	247	332	10	92
NM_004417	83	247	391	104	357	234	248	333	253	836
NM_004502	286	248	392	310	813	235	249	334	254	34
NM_004530	287	249	393	311	101	236	250	335	255	762
NM_004615	288	250	394	312	742	237	251	336	256	41
NM_004617	890	251	395	313	358	238	252	337	257	288
NM_004789	289	252	784	96	89	239	253	338	258	50
NM_004807	290	253	880	314	359	240	254	339	259	289
NM_004887	291	254	396	315	39	241	255	340	17	720
NM_004888	292	255	837	316	360	242	256	341	260	290
NM_004932	293	256	397	317	361	243	257	342	261	867
NM_004933	43	257	398	318	827	244	258	343	262	291
NM_005014	294	258	399	319	107	245	259	894	263	848
NM_005063	295	259	870	320	362	246	260	344	264	292
NM_005092	296	260	400	109	363	247	261	52	265	827
NM_005195	297	261	401	321	364	248	262	94	266	844
NM_005218	298	262	402	39	744	249	263	345	35	293
NM_005225	886	263	403	322	365	250	264	346	267	156
NM_005226	299	893	808	323	30	13	265	347	268	294
NM_005252	92	264	2	324	366	2	266	124	269	878
NM_005328	300	265	856	325	761	251	267	348	270	295
NM_005345	301	896	404	326	367	252	268	105	271	194
NM_005567	302	266	794	75	231	253	269	349	41	670
NM_005584	303	267	774	327	368	254	270	350	272	866
NM_005602	304	268	405	328	168	255	271	351	273	804
NM_005623	305	269	406	4	2	256	272	81	3	750
NM_005642	306	270	852	329	369	257	273	352	274	296
NM_005822	307	271	407	330	370	258	274	353	275	825
NM_005953	308	272	739	27	371	259	275	354	12	746
NM_005954	309	273	408	331	724	260	276	855	894	119
NM_006079	310	274	252	332	372	261	277	355	276	822
NM_006097	311	275	409	333	784	262	278	356	277	781
NM_006108	312	276	410	334	159	263	279	867	278	120
NM_006169	313	277	269	335	373	264	280	357	279	842
NM_006207	314	278	411	5	64	265	281	358	280	861
NM_006237	315	279	743	336	374	266	282	359	281	46
NM_006273	316	280	412	22	375	267	283	360	282	777
NM_006435	317	281	413	337	152	268	284	361	28	770
NM_006485	318	282	829	338	376	269	285	362	283	818
NM_006487	319	283	414	339	790	270	286	363	284	793
NM_006536	320	284	415	340	889	271	287	364	285	732
NM_006610	321	285	162	341	377	272	288	874	286	297
NM_006640	322	286	873	342	378	273	289	365	287	298
NM_006688	323	287	416	343	816	274	290	366	288	14
NM_006691	324	288	417	890	379	275	291	367	289	735
NM_006818	325	289	853	344	380	276	292	368	290	179
NM_006931	326	290	861	345	222	277	293	369	291	299
NM_006933	327	291	896	346	381	278	294	370	292	300
NM_006988	328	292	418	347	157	279	295	371	293	888
NM_007024	329	293	871	348	382	280	296	372	294	301
NM_007069	330	294	770	100	383	281	297	373	295	162
NM_012098	331	295	884	349	384	282	298	374	296	740
NM_012134	332	296	419	350	385	283	299	375	297	889
NM_012193	333	297	795	23	386	284	300	376	298	302
NM_012214	334	298	785	351	387	285	301	377	299	32
NM_012244	335	299	888	885	388	286	302	378	300	229
NM_012281	336	300	420	352	884	287	303	379	301	303
NM_013943	337	301	828	353	389	288	304	380	32	304
NM_014079	338	302	777	354	390	289	305	871	302	56
NM_014141	339	303	886	355	391	290	306	381	303	184
NM_014208	340	304	421	356	868	291	307	382	893	305
NM_014289	341	305	814	357	392	292	308	383	304	90
NM_014326	342	306	422	358	747	293	309	384	305	786
NM_014398	41	307	798	105	393	294	310	385	29	101
NM_014399	343	308	890	359	394	14	311	386	306	159
NM_014417	74	309	423	360	395	295	312	387	307	802
NM_014585	344	310	424	893	721	296	313	858	308	306
NM_014817	345	311	77	33	806	297	314	388	309	307
NM_014899	346	312	742	361	396	298	315	389	310	787
NM_014936	347	313	864	362	397	299	316	390	311	190
NM_015419	348	314	242	363	735	300	317	391	312	895
NM_015564	349	315	425	364	118	301	318	892	313	714
NM_015621	350	316	866	365	398	302	319	392	314	146
NM_015686	351	317	802	366	399	303	320	393	315	53
NM_015714	352	3	811	367	400	304	11	394	316	308
NM_016403	353	318	747	368	880	305	321	395	317	309
NM_016519	354	319	892	369	769	306	322	396	318	310
NM_017791	355	320	815	370	401	307	323	397	16	54
NM_017831	356	321	426	881	402	308	324	398	319	23
NM_018057	357	322	838	371	147	309	325	854	320	126
NM_018153	358	323	427	372	736	310	326	399	321	873
NM_018242	359	324	428	373	403	311	327	876	322	87
NM_018279	879	325	845	374	404	312	328	400	323	311
NM_018295	360	326	847	79	173	313	329	401	324	739
NM_018558	361	327	737	375	405	314	330	402	325	13
NM_018931	362	328	807	376	406	315	331	403	326	753
NM_018932	363	329	817	377	407	316	332	404	327	749
NM_018945	364	330	429	896	408	317	333	405	328	728
NM_018971	365	331	758	378	187	318	334	406	329	47
NM_019105	366	20	430	379	409	319	335	407	330	810
NM_019106	367	332	745	380	410	320	336	408	331	10
NM_020130	368	10	431	381	411	321	337	409	332	851
NM_020376	369	333	82	382	835	322	338	410	333	312
NM_020404	370	334	432	383	412	323	339	411	34	829
NM_020405	371	335	14	884	158	324	340	412	334	313
NM_020431	372	336	433	882	413	325	341	413	335	57
NM_020697	373	337	233	384	414	326	342	866	336	892
NM_020814	374	338	434	385	773	327	21	414	337	736
NM_020954	375	339	819	60	415	328	343	415	36	710
NM_020975	376	340	435	36	774	329	344	416	338	134
NM_021083	377	341	876	386	416	330	345	417	339	121
NM_021101	30	342	799	387	417	331	346	418	340	314
NM_021116	378	343	820	388	418	332	347	419	341	60
NM_021245	379	344	436	389	844	333	348	420	342	876
NM_021992	380	345	810	390	419	334	349	864	343	165
NM_022147	87	346	437	24	420	335	350	421	23	700
NM_022168	1	347	792	28	174	336	351	422	8	315
NM_022344	381	348	760	391	854	337	352	423	344	316
NM_031479	382	1	438	392	421	338	353	890	345	317
NM_031958	383	349	439	393	422	339	354	40	346	870
NM_032040	384	350	874	394	800	340	355	424	347	318
NM_032160	385	351	440	886	423	341	356	425	348	823
NM_032239	386	352	754	395	882	342	357	426	349	205
NM_032505	387	353	748	396	204	343	358	427	350	26
NM_032727	388	354	184	397	861	344	359	428	351	98
NM_033068	389	355	112	398	424	345	360	882	352	319
NM_052846	390	356	812	399	425	346	361	429	353	27
NM_052859	391	23	249	400	885	347	362	430	354	320
NM_052863	392	357	163	401	896	348	363	431	355	129
NM_052899	393	358	832	402	869	349	364	432	356	321
NM_052941	7	359	441	3	190	350	365	433	7	322
NM_052969	394	360	893	403	715	351	366	434	357	323
NM_080657	25	361	442	1	183	352	367	435	1	96
NM_133639	885	362	246	404	426	353	368	436	358	81
NM_138287	19	363	443	93	427	354	369	437	26	324
NM_138360	395	24	444	405	732	355	370	438	359	116
NM_138433	36	364	223	41	428	356	371	439	27	696
NM_138456	95	365	445	48	58	357	372	440	11	695
NM_139278	880	366	759	406	429	358	373	441	360	25
NM_144569	396	367	446	407	430	359	24	442	361	769
NM_145298	397	368	736	113	431	360	374	443	362	774
NM_145804	398	369	447	74	432	7	375	128	363	325
NM_148903	399	370	448	408	433	361	896	896	364	326
NM_152219	400	371	789	409	72	362	376	444	365	727
NM_152343	401	372	449	410	870	363	377	109	366	327
NM_152592	73	373	730	411	128	364	378	445	367	328
NM_152679	402	374	450	412	821	365	379	446	368	22
NM_153711	94	375	806	18	189	366	380	447	369	329
NM_171998	39	376	272	413	434	367	381	869	370	192
NM_172140	3	377	451	16	56	368	13	448	371	330
NM_173567	403	378	764	414	853	369	382	449	372	43
NM_173658	404	379	833	415	229	370	383	861	373	331
NM_177455	23	380	452	416	825	371	384	450	374	103
NM_178516	405	381	778	69	121	372	385	451	375	332
NM_178557	406	382	453	883	864	373	386	452	376	19
NM_181449	407	383	454	417	8	374	387	453	4	333
NM_198508	408	384	207	418	789	375	388	859	377	118
NM_198565	409	385	42	419	435	376	389	454	18	71
NM_198573	410	386	797	877	436	377	390	455	378	30
NM_198849	411	387	455	420	749	378	391	884	379	175
NM_199328	412	388	456	421	879	379	392	456	889	334
NM_199511	883	389	867	887	437	380	393	457	380	833
NM_201589	413	390	245	889	129	381	394	458	381	29
NM_203407	414	391	29	422	766	382	395	879	382	335
NM_203422	415	392	457	423	99	383	396	459	383	874
NM_203451	416	393	755	894	438	384	397	460	384	108
NR_001284	85	394	458	424	439	385	398	461	38	852
NR_001458	417	395	211	425	856	6	399	462	385	336
NR_003020	418	396	36	426	440	386	400	880	386	337
NR_003133	419	397	732	13	441	387	401	463	15	338
NR_003187	420	398	459	34	186	18	402	464	387	339
NR_003276	421	399	460	102	840	388	403	465	388	198
NR_003950	895	19	461	427	442	389	404	466	389	340
NR_004393	422	9	462	428	443	390	405	865	390	341
NR_015375	423	400	463	429	82	391	406	891	391	342
NR_015384	75	401	464	430	444	392	25	136	392	343
NR_022008	424	402	465	431	192	393	407	872	393	84
NR_024008	425	403	25	432	91	394	408	467	394	344
NR_024344	426	404	771	433	162	395	409	468	395	82
NR_026675	427	405	39	434	801	396	410	469	396	345
NR_027181	428	406	18	435	745	397	411	470	892	346
NR_030732	429	407	801	436	445	398	412	106	397	830
NR_033258	60	408	466	437	446	399	413	471	24	347
NR_033341	430	409	467	438	92	400	414	878	398	348
NR_034085	431	410	744	439	33	401	415	472	399	230
NR_037191	27	411	468	440	842	402	416	473	400	349
NR_038397	432	412	469	441	447	403	417	10	401	704
NR_038925	433	413	757	442	798	404	418	474	402	97
NR_038926	434	414	779	443	871	405	419	475	403	100
NR_038995	435	415	834	444	175	406	420	476	404	729
NR_038996	436	416	470	45	199	407	421	477	405	350
NR_040090	71	417	471	445	20	408	422	478	406	697
NR_040245	76	418	731	446	448	409	15	479	407	351
NR_073430	84	419	472	447	449	410	423	889	408	352
NR_074079	34	420	473	448	169	411	424	480	409	181
NR_103548	437	421	474	107	450	412	425	66	410	353
NR_103773	438	422	47	449	838	413	426	481	411	354
NR_103855	439	18	475	450	451	414	427	482	412	816
NR_104133	91	423	226	451	206	415	428	483	413	783
NR_104224	440	424	753	452	24	416	429	484	414	355
NR_106735	441	425	270	453	727	417	430	19	415	356
NR_108061	442	426	476	454	760	418	431	485	31	877
NR_110652	443	427	879	455	452	419	432	486	416	106
NR_110801	444	428	477	66	740	420	433	487	417	199
NR_110810	445	429	478	456	829	421	434	488	19	687
NR_110912	446	430	257	457	221	422	435	489	418	66
NR_120311	447	431	479	458	79	423	436	490	419	809
NR_120528	29	432	480	459	767	424	437	491	420	357
NR_120611	448	433	15	460	867	425	438	492	421	358
NR_125373	449	434	776	461	90	426	439	493	422	879
NR_125739	78	8	481	462	453	427	440	494	40	675
NR_125845	450	435	65	463	214	428	441	495	423	359
NR_125938	451	436	482	464	454	429	7	114	424	360
NR_126359	452	437	483	19	455	430	442	496	425	171
NR_130776	453	438	484	63	770	431	443	497	426	701
NR_131012	454	7	43	465	217	432	444	498	427	756
NR_131902	455	439	485	54	230	433	445	499	428	361
NR_131935	24	440	486	466	846	434	446	500	429	362
NR_132322	456	441	216	467	456	435	447	3	430	363
NR_132758	457	442	177	468	781	436	448	501	431	182
NR_132964	458	443	487	469	807	437	449	36	432	364
NR_135205	459	444	84	470	457	438	450	502	433	70
NR_135317	460	445	22	471	138	439	451	503	434	365
NR_135835	461	446	488	472	9	440	452	504	435	366
NR_136339	462	447	182	473	155	441	453	505	436	367
NR_136614	463	448	100	474	782	442	454	506	437	368
NR_144376	464	449	830	475	115	443	455	73	438	369
NR_144514	465	450	489	476	458	444	456	44	439	223
NR_145429	37	451	490	47	122	445	16	507	440	370
NR_145459	466	13	248	477	459	446	457	895	441	807
NR_145670	467	6	491	478	895	447	458	508	442	721
NR_146077	468	5	492	479	460	448	459	509	443	213
NR_146117	469	452	187	480	461	449	460	91	444	371
NR_146151	470	453	197	481	860	450	461	117	445	372
NR_146292	471	454	493	482	86	451	462	510	446	148
NR_146309	472	4	494	94	462	452	463	511	447	373
NR_146324	473	455	195	483	97	453	464	512	448	374
NR_146392	474	456	495	484	463	454	8	513	449	725
NR_146624	475	457	496	485	6	455	465	514	450	375
NR_146868	476	458	4	486	464	456	466	515	451	376
NR_146974	477	459	497	487	465	457	467	516	452	16
NR_147697	478	460	498	488	52	458	468	135	453	772
NR_148200	479	461	499	81	466	459	469	517	454	862
NR_148960	88	462	500	489	59	460	470	518	455	42
NR_149095	79	463	74	490	467	461	471	519	456	377
NR_149097	480	464	501	25	468	462	472	520	457	378
XM_005244771	481	465	502	59	826	463	473	521	458	379
XM_005248755	482	466	503	491	78	464	474	522	459	88
XM_005249745	44	467	504	64	469	465	475	84	460	717
XM_005249914	483	468	505	492	470	466	476	523	461	8
XM_005250561	484	469	11	493	471	467	477	112	462	380
XM_005254549	16	470	506	494	472	468	478	524	463	381
XM_005257705	485	471	34	495	473	469	479	525	464	382
XM_005259571	486	472	227	496	757	470	480	127	465	383
XM_005260935	487	473	507	497	862	471	481	99	466	384
XM_005267119	70	474	508	97	474	472	482	18	467	385
XM_005273583	488	475	509	498	16	473	483	526	468	386
XM_005277913	489	476	28	499	475	474	484	527	469	387
XM_006711194	490	477	510	500	182	475	485	68	470	216
XM_006711977	491	478	71	501	476	476	486	132	471	388
XM_006712761	492	479	511	502	12	477	487	528	472	389
XM_006713289	493	480	171	503	737	478	488	529	473	218
XM_006715555	90	481	512	85	131	479	489	29	474	390
XM_006718489	494	482	27	504	477	480	490	131	475	391
XM_006718733	495	483	170	505	105	481	491	530	476	392
XM_006718775	496	484	513	506	15	482	492	531	477	393
XM_006719434	497	485	514	58	478	483	493	532	478	394
XM_006720502	498	486	515	507	479	484	494	533	479	11
XM_006720775	499	487	782	888	480	485	495	534	480	94
XM_006720983	500	488	516	508	29	486	496	535	481	726
XM_006724246	501	489	517	509	43	487	497	536	482	395
XM_011509597	502	490	33	510	771	488	498	537	483	396
XM_011510797	50	491	518	511	481	489	499	856	484	724
XM_011511121	503	492	519	72	54	490	500	538	485	397
XM_011511522	504	493	13	512	177	491	501	539	486	398
XM_011512323	505	494	520	513	34	492	502	540	487	220
XM_011512690	506	495	119	514	102	493	503	541	488	228
XM_011513342	507	496	51	515	785	494	504	542	489	191
XM_011513362	508	497	521	516	733	495	505	65	490	399
XM_011514082	509	498	254	517	87	496	506	543	491	400
XM_011514593	510	15	522	518	482	497	507	544	492	841
XM_011514699	511	499	523	519	219	498	508	545	493	18
XM_011515484	512	500	59	520	483	499	509	546	494	401
XM_011516745	513	501	19	521	484	500	510	547	495	402
XM_011516980	514	502	863	522	799	501	511	548	496	52
XM_011518134	515	503	524	51	485	502	512	549	497	403
XM_011518705	516	504	525	523	23	503	513	550	498	404
XM_011519907	517	505	740	524	486	504	514	59	499	225
XM_011520069	518	506	232	525	166	505	515	551	500	102
XM_011520492	519	507	123	526	794	506	516	552	501	667
XM_011521391	520	508	526	527	111	507	517	887	502	405
XM_011521521	51	509	239	17	141	508	20	553	503	406
XM_011522809	521	510	107	528	839	509	518	554	504	407
XM_011523450	522	511	146	529	180	510	519	555	505	408
XM_011523949	523	512	527	55	227	511	520	556	39	409
XM_011524114	524	513	528	530	487	512	9	557	506	410
XM_011525399	525	514	21	531	488	513	521	558	507	411
XM_011526044	526	515	213	99	489	514	522	559	508	210
XM_011527060	527	516	277	532	37	515	523	560	509	681
XM_011527200	528	517	230	533	41	516	524	96	510	412
XM_011527317	529	518	529	53	163	517	525	133	511	413
XM_011527954	530	519	265	534	31	518	526	561	512	414
XM_011528161	531	520	91	535	490	519	527	562	513	415
XM_011528184	532	521	49	536	491	520	528	563	514	416
XM_011529254	61	522	247	537	492	521	529	564	515	417
XM_011529570	81	523	530	8	153	522	530	565	516	155
XM_011529681	533	524	93	538	493	523	531	566	517	418
XM_011530077	59	525	531	539	77	524	532	567	518	419
XM_011530128	534	526	532	540	194	525	533	568	896	420
XM_011531216	535	527	45	541	494	526	534	569	519	421
XM_011531860	536	2	533	542	495	527	535	570	520	422
XM_011532103	45	528	534	92	88	528	536	571	521	423
XM_011532269	537	529	8	543	496	529	537	572	522	424
XM_011532502	538	530	738	544	497	530	538	573	523	55
XM_011532724	539	531	94	545	498	531	539	574	524	425
XM_011533383	540	532	535	546	499	532	540	575	525	12
XM_011534088	541	533	536	547	144	533	541	110	526	776
XM_011534089	542	534	537	548	500	534	542	113	527	885
XM_011534447	93	535	538	549	501	535	543	107	528	789
XM_011535471	543	536	539	550	502	536	544	15	529	426
XM_011535486	32	537	540	551	132	537	545	576	530	187
XM_011536095	544	538	541	552	503	538	546	80	531	180
XM_011536177	545	539	120	553	207	539	547	577	532	206
XM_011536616	546	540	542	554	10	540	548	578	533	427
XM_011537232	547	541	140	555	70	541	549	579	534	428
XM_011537702	548	542	237	556	504	542	550	580	535	131
XM_011537795	549	543	98	557	505	543	551	581	536	702
XM_011537985	550	544	543	558	506	544	6	862	537	429
XM_011538655	551	545	178	559	154	545	552	582	538	430
XM_011538786	552	546	165	560	81	546	553	583	539	201
XM_011538963	69	547	544	561	507	547	10	584	540	431
XM_011539508	553	548	108	562	833	548	554	585	541	432
XM_011542933	554	549	545	563	17	549	555	116	542	433
XM_011543218	555	550	546	564	5	550	556	586	543	434
XM_011543607	556	551	7	565	508	551	557	587	544	222
XM_011543709	557	552	56	566	509	552	558	588	545	435
XM_011543774	558	553	73	567	510	553	559	589	546	436
XM_011543818	559	554	547	21	511	554	560	590	547	437
XM_011544271	560	555	548	568	112	555	561	591	548	125
XM_011544393	561	556	102	569	512	556	562	592	549	438
XM_011544469	562	557	549	570	83	557	563	593	550	439
XM_011544554	56	558	550	571	197	558	564	594	551	440
XM_011544878	563	559	202	572	762	559	565	595	552	193
XM_017001150	564	560	551	573	80	560	566	596	553	674
XM_017003427	565	561	889	574	513	561	567	597	554	80
XM_017004055	566	562	552	575	514	562	568	46	555	441
XM_017004096	567	563	553	576	515	563	569	123	556	759
XM_017004625	568	564	125	577	126	564	570	598	557	442
XM_017005378	569	565	106	578	516	565	571	599	558	443
XM_017005449	570	566	209	579	517	566	572	600	559	167
XM_017005874	571	567	554	580	178	567	573	57	560	444
XM_017006168	572	568	555	581	763	568	574	60	561	691
XM_017006293	573	569	556	582	40	569	575	601	562	445
XM_017007126	574	570	557	583	27	570	576	602	563	446
XM_017007594	575	571	558	584	49	571	577	603	564	447
XM_017008018	576	572	559	90	518	572	578	604	565	44
XM_017008944	577	573	80	585	519	573	579	605	566	448
XM_017008947	62	574	560	586	520	574	580	85	567	682
XM_017009242	578	575	561	587	167	575	581	97	568	742
XM_017009424	579	576	134	588	521	576	582	606	569	449
XM_017009790	580	577	141	589	522	577	583	607	570	202
XM_017009995	581	578	10	590	523	578	584	608	571	450
XM_017010056	582	579	169	591	850	579	585	609	572	451
XM_017010114	583	580	79	592	156	580	586	610	573	183
XM_017010233	584	581	109	593	524	581	587	611	574	452
XM_017010302	585	582	256	594	48	582	588	612	575	453
XM_017011961	586	583	26	595	525	583	589	613	576	454
XM_017012472	587	584	127	596	526	584	590	614	577	114
XM_017012734	588	585	40	597	119	585	591	615	578	703
XM_017012792	589	586	66	598	527	586	592	616	579	455
XM_017012798	590	587	78	599	528	587	593	617	580	456
XM_017012904	591	588	267	600	529	588	594	130	581	859
XM_017012949	592	589	30	601	530	589	595	618	582	457
XM_017013043	593	590	562	602	71	590	596	619	583	458
XM_017013145	594	591	563	603	531	591	597	5	584	865
XM_017013332	595	592	129	604	75	592	598	620	585	459
XM_017013884	596	593	564	605	734	593	599	1	586	460
XM_017014127	597	594	70	606	73	594	600	621	587	461
XM_017014473	598	595	260	607	796	595	601	622	588	21
XM_017014612	14	596	565	86	532	596	602	87	589	462
XM_017015393	599	597	803	608	533	597	603	623	590	99
XM_017015412	889	598	566	609	218	598	604	624	591	138
XM_017015459	600	599	228	610	18	599	605	625	592	463
XM_017017455	601	600	567	611	534	600	606	20	593	713
XM_017018171	602	601	568	612	57	601	607	626	594	464
XM_017018451	603	602	234	613	164	602	608	26	595	465
XM_017018688	604	12	569	614	55	603	609	627	596	466
XM_017018819	605	603	570	615	22	604	610	628	597	467
XM_017019247	606	604	571	616	535	605	23	53	598	815
XM_017019386	607	605	139	617	536	606	611	629	599	195
XM_017019800	608	606	572	618	537	607	612	630	600	85
XM_017020403	609	607	573	619	538	608	3	631	601	468
XM_017020406	610	608	85	620	539	609	613	632	602	469
XM_017020650	611	609	173	621	198	610	614	633	603	470
XM_017020672	612	610	574	622	45	611	615	634	604	471
XM_017020740	613	611	575	623	540	612	616	635	605	111
XM_017020794	614	612	92	624	171	613	617	636	606	678
XM_017020854	615	613	576	625	3	614	618	637	607	472
XM_017020885	616	614	577	626	541	615	619	638	608	109
XM_017020912	617	11	578	627	542	616	620	875	609	473
XM_017021067	618	615	137	628	543	617	621	639	610	684
XM_017021610	619	616	579	629	544	618	622	885	611	139
XM_017021984	620	617	268	630	751	619	623	640	612	104
XM_017022206	621	618	580	631	68	620	624	641	613	474
XM_017022239	622	619	191	632	545	621	625	642	614	152
XM_017022505	623	620	57	633	546	622	626	121	615	475
XM_017022894	624	621	218	634	179	623	627	643	616	221
XM_017022959	625	622	581	635	547	624	628	644	617	62
XM_017023020	626	623	160	83	100	625	629	645	618	716
XM_017023317	627	624	582	636	548	626	630	646	619	117
XM_017023563	628	625	83	637	185	627	631	647	620	476
XM_017023575	629	626	81	638	720	628	632	648	621	477
XM_017023984	630	627	75	639	777	629	633	649	622	478
XM_017024523	631	628	155	640	549	630	634	650	623	479
XM_017024761	632	629	50	641	550	631	635	651	624	480
XM_017024847	633	630	186	642	718	632	636	652	625	481
XM_017024857	634	631	153	643	551	633	637	78	626	668
XM_017025919	635	632	86	644	201	634	638	653	627	147
XM_017026111	636	633	583	645	552	635	639	74	628	482
XM_017026709	637	634	584	646	21	636	640	654	629	483
XM_017026872	638	635	585	647	553	637	641	79	630	484
XM_017026873	35	636	586	110	193	638	642	119	631	485
XM_017027092	639	637	225	648	139	639	643	655	632	212
XM_017027551	640	638	131	649	554	640	644	656	633	486
XM_017027845	641	639	20	650	555	641	645	657	634	487
XM_017028003	642	640	149	651	556	642	646	658	635	488
XM_017028088	643	641	587	652	557	643	647	33	636	489
XM_017028385	644	642	588	653	228	644	648	659	637	136
XM_017028539	645	643	3	654	103	645	649	660	638	490
XM_017028541	646	644	152	655	558	646	650	661	639	491
XM_017028803	647	645	138	656	559	647	651	662	640	685
XM_017028806	648	646	150	657	560	648	652	663	641	679
XM_017028821	649	647	154	658	172	649	653	664	642	492
XM_017029034	650	648	132	659	561	650	654	665	643	664
XM_017029164	651	649	589	32	224	651	655	666	22	185
XM_017029378	652	650	590	660	47	652	656	667	644	493
XM_017029755	653	651	591	661	562	653	657	668	645	78
XM_017029803	654	652	894	662	148	654	658	669	646	128
XM_017029908	77	653	261	663	563	655	659	670	647	709
XM_017030005	655	654	592	664	845	656	660	671	648	6
XM_017030006	656	655	54	665	564	657	661	672	649	494
XM_024446248	657	656	69	666	565	658	662	673	650	495
XM_024446421	658	657	176	667	808	659	663	674	651	208
XM_024446532	22	658	593	57	566	660	664	12	652	496
XM_024446695	659	659	773	668	149	661	665	77	653	497
XM_024446844	660	660	44	669	567	662	666	675	654	498
XM_024446981	661	661	128	670	568	663	667	676	655	499
XM_024447234	662	662	594	671	109	664	668	677	656	135
XM_024447395	663	663	41	672	569	665	669	678	657	500
XM_024447970	664	664	72	673	791	666	670	679	658	723
XM_024448309	665	665	115	674	570	667	671	680	659	501
XM_024448449	666	666	159	675	778	668	672	681	660	207
XM_024448764	667	667	67	676	225	669	673	682	661	502
XM_024448832	668	668	787	677	571	670	674	683	662	150
XM_024448960	80	669	763	678	572	671	675	684	663	503
XM_024449171	669	670	595	679	887	672	676	685	664	164
XM_024449229	670	671	596	680	573	673	677	686	665	142
XM_024449371	671	672	597	15	574	674	678	687	666	226
XM_024449807	672	673	598	681	811	675	679	688	667	133
XM_024450502	673	674	204	682	66	676	680	689	668	504
XM_024450562	674	675	599	683	44	677	681	690	669	505
XM_024450712	675	676	99	684	575	678	682	691	670	506
XM_024450747	887	677	600	685	576	679	683	692	671	63
XM_024450803	676	678	101	686	577	680	684	100	672	507
XM_024451224	677	679	145	687	578	681	685	693	673	508
XM_024451752	678	680	130	688	196	682	686	694	674	509
XM_024451860	679	681	161	689	579	683	687	695	675	510
XM_024451877	680	682	264	690	855	684	688	868	676	170
XM_024451970	681	683	113	691	181	685	689	696	677	153
XM_024452027	682	684	601	692	580	686	690	697	678	51
XM_024452275	683	685	602	103	74	687	691	698	679	712
XM_024452357	684	686	603	693	581	688	692	699	680	137
XM_024452421	685	687	850	694	582	689	693	120	681	511
XM_024452537	686	688	164	695	63	690	694	700	682	512
XM_024453213	687	689	604	696	13	691	695	701	683	513
XM_024453251	688	690	12	697	583	692	696	702	684	514
XM_024453286	689	691	133	698	584	693	697	703	685	515
XM_024453362	690	692	605	699	828	694	698	76	686	516
XM_024453855	691	693	167	700	585	695	699	704	687	209
XM_024454159	692	694	121	701	586	696	700	705	688	517
XM_024454237	693	14	95	702	587	697	701	706	689	518
XM_024454317	694	695	606	703	146	698	702	707	690	794
XM_024454343	695	696	48	704	588	699	703	708	691	519
XR_001736924	42	697	607	65	200	700	704	709	692	161
XR_001737203	72	21	608	12	589	701	705	126	693	520
XR_001737344	696	698	609	705	93	702	706	710	694	521
XR_001737668	697	699	610	706	590	703	707	48	695	522
XR_001737736	55	17	769	707	591	704	708	711	696	523
XR_001737772	698	700	611	708	32	705	709	712	697	524
XR_001737869	699	701	110	709	592	706	710	713	698	169
XR_001738036	700	702	275	710	53	707	711	714	699	744
XR_001738185	701	703	157	82	593	708	712	715	700	525
XR_001738297	702	704	612	711	594	709	713	23	701	722
XR_001738443	703	705	613	712	142	710	22	70	702	526
XR_001738847	704	706	212	713	595	711	714	716	703	215
XR_001739003	705	707	614	714	11	712	715	717	704	527
XR_001739164	706	708	205	715	596	713	716	718	705	528
XR_001739424	707	709	615	716	597	714	717	16	706	529
XR_001739612	33	710	616	717	598	715	718	719	707	530
XR_001740861	708	711	617	44	599	716	719	720	708	531
XR_001740998	709	712	618	718	600	717	720	721	709	58
XR_001741050	710	713	263	719	51	718	721	722	710	532
XR_001741069	64	714	619	720	601	719	722	888	711	533
XR_001741520	711	715	620	721	602	720	723	25	712	534
XR_001741723	712	716	621	722	69	721	724	723	713	535
XR_001741746	713	717	622	40	188	722	725	724	714	536
XR_001741747	714	718	623	723	837	723	726	45	715	537
XR_001742017	715	719	624	724	802	724	727	725	716	77
XR_001742018	716	720	231	725	859	725	728	726	717	151
XR_001742445	717	721	625	726	65	726	729	727	718	538
XR_001742456	718	722	626	727	603	727	730	728	719	1
XR_001742481	719	723	627	728	604	728	5	729	720	539
XR_001743043	46	724	628	729	605	729	731	730	721	540
XR_001743548	720	725	629	730	116	730	732	731	722	541
XR_001744085	721	726	630	731	881	731	733	732	33	542
XR_001744197	722	727	631	732	606	732	734	4	723	543
XR_001744435	723	728	632	733	607	733	735	67	724	544
XR_001744936	724	729	633	734	46	734	736	733	725	545
XR_001745007	725	730	23	735	608	735	737	734	726	546
XR_001745108	726	731	634	736	123	736	738	735	727	200
XR_001745190	727	732	635	9	145	737	739	736	728	547
XR_001745276	728	733	636	737	609	738	740	34	729	548
XR_001745427	729	734	105	738	113	739	741	737	730	549
XR_001745827	730	735	68	739	610	740	742	738	731	550
XR_001746135	731	736	55	740	611	741	743	739	732	551
XR_001746284	732	737	224	741	830	742	744	740	733	552
XR_001746387	733	738	179	742	612	743	745	741	734	553
XR_001746421	734	739	637	878	613	744	746	742	735	86
XR_001746428	735	740	638	743	614	745	12	93	736	554
XR_001746520	736	741	151	744	615	746	747	743	737	555
XR_001746604	737	742	639	745	104	747	748	893	738	556
XR_001746733	738	743	640	746	160	748	749	6	739	557
XR_001746830	739	744	278	747	616	749	750	43	740	558
XR_001746899	740	745	641	748	617	750	751	24	741	559
XR_001747051	741	746	188	749	618	751	752	744	742	186
XR_001747452	742	747	642	750	619	752	753	50	743	560
XR_001747560	49	748	643	751	831	753	754	853	744	561
XR_001747606	743	749	644	752	620	754	2	745	745	562
XR_001747650	744	750	200	753	176	755	755	746	746	563
XR_001748143	745	751	645	754	621	756	756	747	747	163
XR_001748245	746	752	646	755	161	757	757	748	748	858
XR_001748530	747	753	783	61	622	758	758	749	749	795
XR_001748866	748	754	172	756	726	759	759	750	750	564
XR_001748993	749	755	647	757	623	760	760	751	751	115
XR_001749276	750	756	118	758	624	761	761	752	752	666
XR_001749428	751	757	144	759	756	762	762	881	753	565
XR_001749538	752	758	240	760	625	763	763	753	754	856
XR_001749815	753	759	648	761	626	764	764	7	755	566
XR_001749853	754	760	649	46	143	765	765	754	756	567
XR_001749930	755	761	650	762	627	766	766	755	757	39
XR_001751368	756	762	651	70	754	767	767	756	758	568
XR_001751932	757	763	147	763	783	768	768	757	759	569
XR_001752055	758	764	652	764	628	769	769	758	760	105
XR_001752395	759	765	653	765	629	770	770	759	761	31
XR_001752674	760	766	654	766	755	771	771	103	762	785
XR_001752716	761	22	97	767	630	772	772	760	763	570
XR_001752800	40	767	655	76	631	773	773	761	764	571
XR_001752876	762	768	656	768	632	774	774	55	765	572
XR_001753050	763	769	143	769	633	775	775	762	766	894
XR_001753444	764	770	116	770	634	776	776	763	767	573
XR_001753518	765	771	198	771	635	777	777	764	768	574
XR_001753519	766	772	63	772	793	778	778	765	769	575
XR_001753544	767	773	657	773	636	779	779	32	770	576
XR_001753831	768	774	193	774	792	780	780	766	771	577
XR_001754415	769	775	658	43	637	781	781	767	772	578
XR_001754582	770	776	87	775	638	782	782	768	773	579
XR_001754972	771	777	659	776	639	783	783	62	774	580
XR_001755353	772	778	180	777	640	784	784	769	775	581
XR_001755492	773	779	104	778	641	785	785	770	776	582
XR_001755717	774	780	660	779	776	786	786	771	777	123
XR_001755725	775	781	52	780	834	787	787	772	778	127
XR_001755970	776	782	661	781	642	788	788	13	779	583
XR_001756000	777	783	662	782	95	789	789	63	780	584
XR_002956167	778	784	194	783	96	790	790	773	781	585
XR_002956198	779	785	663	784	803	791	791	69	782	586
XR_002956347	780	786	664	785	191	792	792	774	783	2
XR_002956355	781	787	665	786	643	793	793	22	784	587
XR_002956372	782	788	114	787	746	794	794	775	785	588
XR_002956627	783	789	60	788	644	795	795	776	786	589
XR_002956632	784	790	181	789	645	796	796	777	787	590
XR_002956804	785	791	666	790	208	797	797	778	788	93
XR_002956834	786	792	667	791	646	798	798	118	789	107
XR_002956966	787	793	166	792	98	799	799	779	790	591
XR_002956973	788	794	135	793	135	800	800	780	791	592
XR_002957015	789	795	668	38	647	801	801	781	792	593
XR_002957199	790	796	210	794	648	802	802	782	793	145
XR_002957216	791	797	669	795	649	803	803	38	794	594
XR_002957595	792	798	64	796	865	804	804	783	795	595
XR_002957724	65	799	670	797	650	805	805	784	796	669
XR_002957833	793	800	671	798	651	806	806	785	797	36
XR_002958013	794	801	124	799	652	807	807	786	798	596
XR_002958040	795	802	672	77	653	808	808	787	799	141
XR_002958191	796	803	673	800	654	809	809	75	800	597
XR_002958197	797	804	117	801	655	810	810	788	801	598
XR_002958246	798	805	674	71	127	811	811	789	802	599
XR_002958284	799	806	675	802	814	3	812	790	803	600
XR_002958377	800	807	219	803	656	812	813	791	804	601
XR_002958511	801	808	175	804	817	813	814	792	805	204
XR_002958678	802	809	215	805	657	814	815	793	806	676
XR_002958752	11	810	676	806	658	815	816	125	807	602
XR_002958813	803	811	677	807	659	816	14	794	808	603
XR_002958858	804	812	678	808	26	817	817	795	809	604
XR_002959259	805	813	156	809	660	818	818	796	810	605
XR_002959392	806	814	679	810	36	819	819	797	811	606
XR_002959409	807	815	680	811	661	820	820	798	812	24
XR_002959423	808	816	681	812	662	821	821	47	813	607
XR_002959544	20	817	682	813	151	822	822	799	814	608
XR_002959596	809	818	236	814	891	823	823	800	815	609
XR_002959602	810	819	683	815	42	824	824	863	816	610
XR_002959614	811	820	684	52	663	825	825	801	817	611
XR_002959730	812	821	58	816	664	826	826	802	818	612
XR_002959825	813	822	24	817	665	827	827	803	819	613
XR_241720	814	823	685	818	713	828	828	804	820	83
XR_242166	815	824	686	26	133	829	829	805	821	176
XR_244126	816	825	168	819	795	830	830	806	822	614
XR_245151	817	826	687	820	666	831	831	86	823	615
XR_246689	818	827	688	821	667	832	4	807	824	616
XR_247234	819	828	46	822	809	833	832	808	825	617
XR_922199	38	829	689	823	668	834	833	809	826	618
XR_923257	820	830	690	62	38	835	834	810	827	619
XR_923732	821	831	691	824	772	836	835	11	828	620
XR_923759	822	832	692	825	669	837	836	49	829	621
XR_924597	823	833	192	826	670	838	837	811	830	196
XR_925212	824	834	693	88	671	839	838	812	831	72
XR_925675	825	835	694	827	764	840	839	813	832	124
XR_925737	826	836	250	828	672	841	840	814	833	89
XR_926300	827	837	61	829	673	842	841	815	834	622
XR_926759	828	838	126	830	674	843	842	816	835	623
XR_927091	829	839	183	831	675	844	843	817	836	177
XR_928431	830	840	88	832	676	845	844	818	837	624
XR_929439	831	841	695	833	677	846	845	21	838	625
XR_929515	832	842	696	14	678	847	846	819	839	626
XR_930807	833	843	258	834	679	848	847	820	840	737
XR_931119	834	844	697	835	680	849	848	39	841	627
XR_932846	835	845	698	836	681	850	849	82	842	628
XR_933049	836	846	96	837	682	851	850	821	843	629
XR_933073	837	847	699	30	195	852	851	822	6	630
XR_934709	838	848	700	838	683	853	852	823	844	61
XR_935591	839	849	701	839	684	854	853	42	845	631
XR_936361	840	850	702	840	85	855	854	824	846	122
XR_936967	841	851	38	841	25	856	855	825	847	632
XR_937576	842	852	243	842	685	857	856	826	848	788
XR_938274	843	853	103	843	686	858	857	827	849	633
XR_938449	47	854	703	98	687	859	858	828	850	634
XR_939584	844	855	704	844	688	860	1	829	851	635
XR_941082	845	856	705	845	689	861	859	9	852	636
XR_941574	846	857	706	11	170	862	860	830	853	637
XR_942079	847	858	707	846	690	863	861	2	854	638
XR_943034	848	859	708	847	691	864	862	30	855	639
XR_943149	849	860	709	7	692	865	863	831	856	640
XR_943786	850	861	710	848	693	866	864	54	857	641
XR_943913	851	862	253	849	875	867	865	832	858	642
XR_944031	852	863	185	850	694	868	866	833	859	643
XR_944092	853	864	711	851	695	869	867	834	860	38
XR_944109	854	865	712	852	696	870	868	877	861	17
XR_944185	855	866	713	853	124	871	869	58	862	644
XR_944197	856	867	714	854	697	872	870	835	863	68
XR_944410	26	868	715	855	858	873	871	88	864	227
XR_944812	857	869	716	856	28	874	872	836	865	694
XR_945481	858	870	717	857	698	875	873	31	866	645
XR_945493	859	871	718	858	699	876	874	35	867	646
XR_945577	860	872	76	859	700	877	875	837	868	647
XR_945601	861	873	122	860	701	878	876	838	869	648
XR_946617	862	874	719	861	60	879	877	839	870	649
XR_946699	863	875	720	84	213	880	878	840	871	49
XR_946813	864	876	158	862	702	881	879	841	872	650
XR_946912	865	877	721	863	703	882	880	842	873	35
XR_946984	866	878	89	864	704	883	881	843	874	651
XR_946991	867	879	722	50	705	884	882	844	875	652
XR_947118	868	880	723	80	722	885	883	89	876	15
XR_947578	869	881	724	67	863	886	884	845	877	653
XR_947610	870	882	725	865	706	887	885	71	878	654
XR_947722	871	883	726	866	723	1	886	846	879	655
XR_948374	872	884	727	867	847	888	887	37	880	656
XR_949335	873	885	196	868	110	889	888	847	881	657
XR_949614	874	886	235	869	707	890	889	72	882	658
XR_950253	52	887	728	870	750	891	890	848	883	659
XR_950387	875	888	729	871	708	892	891	51	884	692
XR_950905	28	889	5	872	709	893	892	849	885	660
YP_003024027	876	890	199	873	710	894	893	850	886	661
YP_003024028	877	891	229	874	711	895	894	851	887	662
YP_003024032	878	892	214	875	712	896	895	852	888	663
